34375074
48634173
991218
12617102
12206035
34779883
1058045
188565
12101074
12084674
12494603
12649831
12413020
12032158
12874318
33428817
37259167
12288319
1039686
48991047
1039025
13683940
12357394
12226565
12085176
9687
12419036
12065091
12396696
12195251
12932284
12085347
13260
1039270
12610704
12025552
49194523
122455
46631446
12291562
30784368
1151002
13196977
13285340
1041035
12050022
48858674
31956992
12026462
12107621
12553679
906118
48982920
32089702
33850233
31446950
33820292
29266013
12027032
12919953
33881041
29812145
30710343
12127828
12643293
29783610
46956781
12226597
31282352
29862979
46839804
12126088
12339153
29863820
48918298
12480956
32214432
12092198
12114218
13036299
12418020
29895966
49317600
29230708
33066078
46357395
1039173
37461988
32128861
34786422
14313031
32510710
12027350
34591790
12632442
34827774
33839170
12259463
33337789
12789538
36137477
47192811
12935092
33526851
12497470
31717692
1039308
34399258
12118335
34335526
47136678
29236124
12657
46280007
48569501
34361422
46778807
34865007
30001302
36780543
15064523
34664127
34673337
34659825
35125949
37706220
33506243
34198667
34911347
35946361
34492327
36191932
34663325
31564780
36083253
29392387
33949395
32297605
34351430
35312483
37508106
33349476
35312726
35726428
29744322
12112061
1211016
29749089
12204074
29721143
12127873
12185304
46545059
36223495
37462165
35169417
34229314
34171480
36399132
35192256
36929679
28869752
30596764
28611371
35312778
33156831
31442120
32828564
33103351
32046122
28838246
37554146
33022541
46964434
35887995
35954284
35013107
34272403
32896640
34447231
34256965
46818646
12303026
32722216
14077359
12527993
12227721
29815147
29235394
12271600
9197
29051261
32461207
31964035
34831182
29238672
34865698
34256239
31366042
12270517
33238700
32712015
34760139
30548413
32825369
31337098
34393485
896942
46274600
10561
6472
34269908
32440760
34357879
34419315
33577483
6320
37254034
12120454
49401186
1152002
36216495
12132197
46396758
12282208
14020746
12219163
36223505
14020883
13612088
12277080
12785088
15196392
2285
46965158
34317356
47468836
28069241
48730008
31320498
5270
12191268
12226597
1181170
1047088
1023336
46443174
36565198
104700
35648597
12109026
47060582
12338025
29497551
35134381
33526460
31152709
13527399
906118
12348320
30646196
49094789
30549260
37098376
8330
29580542
865134
47527657
35080879
198598
12520322
12303591
46422907
12063071
973004
34437427
12499161
12781386
12394619
47371402
33837820
48636296
12084608
32673059
35141871
30285889
34645398
33912726
12040111
31093805
12638203
12964660
31476322
47306836
12478359
35970276
12570972
12762889
47293269
31254766
37184668
34393252
48633389
1008018
46961531
32462962
48352423
36857932
34291133
35305188
47252634
34783434
12146397
47842630
12031148
37617111
48575828
48678960
49400824
30132777
35695561
13701162
37127005
12162
234378
48674806
47371815
48641293
48345930
48819604
49044827
32856702
12118209
35829236
49643391
49642524
12529640
49141301
33045597
48859045
12420341
35877932
47371942
34826476
34540230
48436164
46997773
47188272
48722339
33850233
13009391
14017806
47972543
49232670
13005319
33820292
49504033
48931399
35880816
47131100
12489461
48136098
12361280
49643387
33614167
12195015
12932268
47526739
47920365
12358982
46269258
33812477
13449304
48273802
1159204
48280672
49144504
48768719
34450642
49437581
47387300
48776167
48276131
46698231
34659569
48575087
47058657
30940558
36823325
46996617
37198316
46961812
47127177
48138786
48277850
12396020
12489859
48195317
47775048
48643251
47692453
12135050
13282295
12138052
14801022
12204563
12027296
30475553
35853717
48639687
48677541
48352598
36617344
47127995
34171229
46997995
34855959
47527784
46996662
46997708
48640002
36288908
48677628
12443250
31381763
48569501
47371592
13132555
47380491
33778794
32128861
33839170
12322083
12128119
36137477
49193699
1087436
30315329
80889
56448
33955433
34049682
198597
34002515
1039557
12213011
48435974
124126
36701383
12897772
12025384
12001162
13838555
35422180
189497
1151032
4292
12770768
34550390
33037587
34549448
33696646
28083351
49503924
35542755
12320702
13056452
47310317
1060061
36734907
28066477
12461031
12118711
34922710
12083260
34019528
29563127
28862484
27907025
31156562
1038349
1120104
33320364
46286654
29596236
12636057
28184883
13688491
13196269
12499335
29414807
30960260
12464858
29238342
12271483
28765504
12538284
12270956
29589104
14118933
996289
1199014
13156200
30477319
30796805
12272294
30954551
30707695
33506478
33181716
12194744
30481617
27906246
31449516
13197794
12194593
1040093
31005258
12173459
14437
95175
37184718
12205618
46818771
35510669
12304403
46279495
33105696
791411
12077135
32839548
11127
89365
1085047
35220943
12090204
29393033
11562
12971
711683
12029112
41906
1195028
102028
11759
11761
12676071
13155879
91725
11481
90513
12200017
900021
98110
12984
32024816
101988
93187
92453
12972
12712
12115
11359
12711
11742
21462
938017
1145042
84057
1141021
102017
12025585
33426084
88150
96267
105647
99385
59234
34550334
12064064
34550347
34549410
105084
34550372
34550381
34549430
34550374
35258890
12270
12117208
1158136
11950
106805
11767
35884244
46580141
104493
1049310
11794
1198024
99994
12710
12328
99992
11762
35259561
36702838
38851
11704
102002
13421
101986
85508
12496616
13197
78218
33390
13419
3710
88176
12441
29562418
35066996
12126856
11760
101992
34094028
13416
12074054
85506
13587
35258886
13117
101987
95278
34550363
34550367
42941
12003027
12405875
13529
1058230
102015
34550348
12992
34549412
90520
101991
101984
30002425
101985
87966
13398
1002084
1054042
29781594
35729331
12183574
12195110
13439
85503
12275446
32297604
11532
98539
102011
98542
100003
13247
12442
36811162
27865554
31954750
12116
44410
32667
88168
44264
1203028
88177
12350229
13793145
1090021
12717
32700
34550332
13132047
12026043
88179
1053259
102008
12459152
129891
34422331
34549388
78210
99997
40433
12989
29369
1039239
13911016
78203
34146082
36811126
1132085
36811379
1204065
1018125
37387140
31632784
13594
35050
12144032
14804059
12382071
30129420
1159059
30705859
225536
48276903
1132727
30107370
31366355
985226
99382
12021
11512
88157
1102294
12329470
12970
12492175
11980
12120480
1145049
12511090
47970731
12055
13698337
32050172
12747
1194030
35258887
13649
11185
1054178
828154
858167
35269680
12147166
10997
986266
12358444
33835047
1105122
220934
13378
1139051
2092
34036554
11948
12118649
33165777
33426798
13331
12001137
1132219
46960737
13427
12329
34003400
839639
12061130
34911410
13037523
12866377
1078318
12204600
12648491
12791
11550
1122065
12037252
10996
32465749
12038067
13156496
12454435
12713
12127150
46451302
49456716
12782654
13909235
12237285
35269685
861211
12015
1027030
1049741
1008061
12316187
12578975
12996330
12038108
1044100
12022113
862005
127087
49138977
33837739
12185383
12128709
12482207
1196060
14119060
36707056
47297773
30368377
48197068
12336581
47062651
37406183
1079035
30957782
12126647
1050388
11554
1032348
1049702
12814179
34957871
33166144
12148216
30646697
1038044
11600
37058229
1041023
21457
1087221
33900617
49508754
12226977
12605829
35886740
33338443
12106036
35602788
33751896
12058054
12452365
12271827
47967741
12799695
12359389
12851775
12003185
33939305
12459369
35417328
12386889
12227924
29393009
36337736
1073066
12287600
35784643
1049183
1060136
12280970
34854050
1057066
31253881
35515418
13487185
12320493
36930132
32503312
12605367
37051319
12320337
12489939
32712952
49394339
32512729
13700
12037253
35882115
48910336
46921500
33573251
12051080
12570563
48422694
1033011
37666577
1058059
33842901
12079153
32578751
36286102
12119223
46390823
127137
1184025
12119070
46271344
1158035
46327046
12078158
12503236
12127160
33843188
12025368
34597267
12641030
1015304
33966230
1063106
128162
12349192
1158008
36284093
32897457
28415748
12406065
1086013
33425856
1049620
37343374
32973225
15001027
32672251
12394217
33156218
33701723
48569936
12418049
46359131
30700851
30110453
33955432
36622905
1050367
32291890
30961188
31769445
36292767
32297647
12468011
12503197
33763118
31330277
1138043
826336
12631187
31851442
12235494
36623796
12039276
12001182
12491446
48415912
13451711
12919038
46778995
49094480
31196713
33916804
12432288
34467719
14019743
30285765
1094305
847420
35418247
12407389
33101795
12548170
12559333
28182422
12038118
12924003
29415239
34978247
12037238
12308164
33068164
35371267
36084055
35080748
34744425
32673361
92442
12199042
36634969
12415127
32432144
35840700
12003196
12538094
124219
31863282
33576875
862041
30597668
12444958
34200355
47380794
31163402
47240687
46738048
46756591
12020086
48414489
28361239
48918668
36321771
48931962
1049706
128138
1081467
1050662
102004
59616
29841787
37713
1182173
1046294
31057298
1011077
48510080
34050275
47110240
47193826
12166173
75103
188934
28572794
12319674
794014
34586716
48161
36861891
42948
12255049
13839168
47974108
34469894
1078020
166009
12094607
48196747
103584
31139
1024313
2863
29963
4393
167016
12060010
13699648
12048239
12174521
12023202
29691001
122455
31193
41906
33103425
12303518
83268
33892
166033
37002650
44065
28572791
60945
28573574
12172287
12359237
12064159
30171603
28390482
78858
28083561
893267
1038352
28390322
886187
29792446
29865317
13445890
896550
29770761
301329
34826428
31520061
37059676
35012730
1160027
35797
36191
66355
198562
50919
12746370
1038349
46551550
33612821
168009
8888
12664439
14077324
168016
886208
13499832
8982
12165010
29818509
12976353
12259618
11974216
12010120
12479875
12144026
34148713
13466096
12904558
33380467
194780
31627858
14016089
12077048
14586490
33267922
12499335
168017
12247051
13196705
12212058
28103231
29866357
1087223
37021
658169
76050
13471938
12190022
12199739
34593427
2747
12174580
12065154
31368395
5311
13011126
34330078
34330079
34330083
34330082
27819671
12348273
2000
12085284
34330314
33877323
12533809
615179
37380710
13056968
168004
12775096
12142097
7864
4484
12122153
27820281
12578211
1019034
14588870
166016
3207
1137414
981046
4690
34379675
34379676
34379677
12426054
1046402
34379020
34379021
34379674
3421
12444583
30381863
30233928
33102895
12118211
34351416
