10970
1199025
13526
33913409
34920528
13609662
32563596
12462097
4711
34592598
36622413
15061448
12336
36512364
13286583
32438340
48423940
1198024
28867911
12062
36080300
28066912
47606377
47715166
1151021
46777426
36683934
13284413
12541
34591345
30285678
12279998
33603609
34235382
12548254
12482040
47127811
11614
12724
861224
11762
12467179
1039895
12463279
12262
33027786
30225764
13972112
12361115
1198027
46839835
35510558
48496828
32993871
12028243
3071
37057004
1159192
47059592
12262634
12092433
1172029
11973034
12631485
13179
27908945
31255229
32591137
46628002
33426510
34465290
32786812
9105
13156785
12605071
11944
35026656
33913613
12967745
12269066
12868912
32537185
33849908
32285519
9621
12320060
35884726
34436882
12276430
32117556
13165
12092581
32024816
13908047
37511537
13058516
33289129
12235146
12337026
12085679
33135284
48128278
36706218
1015649
12268
33842952
8330
27728315
1060238
12262033
12270224
29032938
12050086
31012497
35313083
31369104
46451901
12026508
1210078
13169
9613
34533317
12924332
12606376
36147562
47134690
13588
34283831
13037719
12237252
33710972
35876887
12521
12308245
34231113
7264
12119618
12371248
12111
1110009
31343926
28868499
12002044
48575654
29069586
46444073
12307226
14608268
805419
31469442
28253230
32681242
33579727
12195152
34477557
31254614
1051012
12306430
12038186
12496616
12273
32912634
12373281
12605500
12434298
46355365
12534
11772
11240
48276273
12056010
12454739
35724488
37505666
1028057
35293344
1021160
34393490
11000
8321
31915294
30000310
36621599
35950080
11984031
12382086
29238232
13729
816079
12084039
12769203
30207896
47453747
34439348
34911347
2743
12266666
32210847
33021561
12480200
49209619
30546313
33097805
12113118
12131566
10559
31961393
787107
34472270
48639629
33936977
13701829
36591291
28073384
34804565
11237
9750
31089833
11365
34329179
33261236
12351258
34146340
12312068
28899411
31562155
30548519
11704
12118463
12061
12463331
12265383
33165777
32767301
12308156
30126664
33101481
35304275
34559500
12816
31434580
30960869
11388
8653
13594
12205185
33202533
13366
46697259
34538450
35887518
32899770
7169
13791519
30790805
34494786
36032190
30379492
29270242
1135138
166014
48820310
33580892
34532620
33098238
1160233
1137391
34203324
36171470
46360442
12118
34373293
13223
12931942
7162
12128611
12359437
1081483
46721383
34489918
5427
12877
12084114
12204407
11533
12264753
1143053
29938303
9939
29590761
15199403
48351857
14810161
12091076
37208818
12049020
12448132
12799373
47971252
12512089
33937355
12138215
27910312
13793495
30117214
36147357
1094028
30780306
12028372
12022021
12032198
12817018
4479
13450608
3698
1047237
33820476
11999
12636024
33610652
34318841
31624559
36591230
12641931
34869240
48351725
13000013
12199836
34201495
13285015
12057020
7709
30709091
11099
12127740
12274422
12140488
29965256
10245
29029732
4726
12078093
12070023
1132066
13527193
7866
1071031
32712837
10577
13073
10580
37002957
30207825
14115271
34317453
13537237
35884195
30949477
12157066
12490692
29070146
34227389
46503687
12317064
12442342
31059787
33800762
951001
36288729
12204244
48806994
12107270
35259561
34820991
30220303
14318919
32079137
12461466
34965709
29588235
28187794
12478060
32536476
30957143
34260421
34288695
37403792
46777884
35419354
32462386
33150259
34291333
12511090
6455
12815285
32681496
12092644
12481299
34793547
36514002
12594165
12079104
12304231
34205567
12176045
11127
13450067
48994976
12639
12996503
13153541
1132708
13303
12481381
34025882
36617333
29051613
48423768
30700959
906118
12291208
34500661
12028175
1198048
12760523
14118522
1029001
47383531
12490553
12536632
12318096
31096447
12002110
47776590
13607347
13154558
791331
168010
1137332
28085488
1197136
36181488
31062035
33067609
13688
33819851
34869985
13681333
13285729
1038074
47294270
12028162
13005039
7901
2522
33526669
30906273
35603471
11370
34335308
46956087
28611837
12798669
33273627
7668
48349243
7763
33913363
46886232
649505
904135
34813541
1876
1199032
12355767
1046467
46633227
31061285
15060593
33820339
1160181
36779663
11056
47292290
34564181
12002061
30223593
28071592
48637798
13794057
34908552
1057033
32435421
36617514
12571947
851210
10558
847107
12497226
48276885
14588611
30545675
9276
34825527
1183019
37098310
32031068
13413017
12357157
12483
33907727
30126758
48640054
36171951
28182478
32209214
981008
1081556
34040234
34097996
32696299
48259114
29999237
30251044
30530394
34230264
12312119
49091491
12318436
11108
12168152
12050038
33917042
35882451
6697
32285964
4813
12204930
12491003
12027194
36459591
13282269
6452
5246
3181
12611
12554268
9031
34420534
34001336
13151028
1049924
12195788
30707478
29392701
33420405
12025486
12554151
12077
12126285
13284651
11143
12037185
35789459
28187297
34542413
37263591
1094247
9668
29235073
12309
47126068
31014529
33129690
34437321
1150319
46356037
966016
11360
1181092
12015010
46697411
12434795
12055
12453
4723
33166904
1049083
8331
31802946
48676860
33954709
35601325
34663355
12968708
35425020
12063157
32465749
36857334
34230369
787034
35332784
12236265
31876221
12235410
12116169
47827543
13325
34492596
1003026
11320
7534
13431
37254036
4731
12184028
31615461
31312385
189955
12031090
29840171
13699496
47467143
33338375
1046506
12056015
47521416
1078318
12126835
12059132
12350895
48814009
48850786
11974075
1049443
12139047
29999357
47128221
34537452
12338185
32900060
36823979
2124
48988117
1145026
28184489
46507608
36617616
34533052
34760093
49077998
13972144
49238282
30281541
37464016
1881
32628542
37056499
29591148
31761623
34522634
12120718
12394432
13583
36567483
7481
12274307
5347
905905
37587142
12275337
46627436
36078069
900084
11681
4793
8979
7486
34407579
1108099
13182070
1040065
1043209
12127507
35731961
34403165
34290931
12283231
12359489
13681676
11447
1132727
46357341
1038231
34418405
31084047
34025754
46440628
31051426
12605253
12266
7972
48525087
1122065
33694141
13333
1024310
30910566
30708458
10998
1185065
36129969
7653
28632557
12025620
31147946
12472363
34347940
1193259
12092671
34158493
34797358
36566565
34096944
34673676
36286836
27870020
12441
12443539
12003039
12580282
46722068
46858424
29069612
29562931
1084178
12084119
6227
7191
28182645
1079094
32893390
1043093
33583833
12276
34145397
12373278
839689
12084543
46513634
12479654
47062973
34563223
36775590
954154
48039352
46673236
1088045
6469
11970
12338143
46631515
7461
7993
48993792
11785
34397122
1015208
48283748
36938836
36077629
1094305
7548
1158046
31932152
12126343
48351901
27871272
36129798
12390184
13727
30780488
35138996
1087826
1192130
30035218
32899086
1140001
34501029
31865320
12200080
35258887
12052064
32682416
33919784
105698
34597822
12120666
46441438
12258611
13027753
28185895
167006
33893272
29023386
12133059
5205
13185
34371920
776850
11536
7771
35037364
5875
48197036
37318182
47966912
34616845
12057047
29023650
11984015
12139359
12130015
12480552
34248810
11936
9272
30477191
1153005
13151417
1087140
12101093
8378
34231062
1040130
46895537
35300143
13701382
9149
31790957
13664
11009
12146089
31964869
32747902
12359307
12481153
12775210
12288009
30110459
12079108
33528146
12259769
12699514
1146106
13795545
36811162
34749446
36618633
35949591
12275389
28304068
31250007
34744464
11031
32286989
36058808
1049277
47038905
9156
1197132
828154
31092754
47136805
37435441
12434218
12083546
30689308
12134076
35608679
32645255
12120415
34324924
12965215
2802
11505
46738048
12025431
12189025
31229236
34440087
794031
1049566
37006335
32462513
12600046
12281745
34096728
34377076
704004
12224018
32424155
12287088
7395
48042709
37264917
952093
36083603
12235751
34534730
11558
12782624
12140507
12039226
12615
33105935
1193393
32675874
46500130
804137
12173083
12258760
12084608
14611590
11974049
7912
48201210
11830
10089
1048044
46882446
32440237
33202342
13447749
34097566
31575460
1047238
46966451
12025504
1083118
37257506
1060132
34149954
7363
12271141
36843294
33577055
46358456
12327915
32993438
35313122
46702489
36032063
31662039
433848
11372
5106
30285885
48819321
46512719
188681
12184145
33381031
36778240
4670
1019386
12186038
12001082
28083340
12120150
12041068
12079106
12899219
34354679
12027515
34307676
29235210
9944
34420232
12256752
12126195
783012
34376608
10561
12227176
35950608
37005268
12052013
1004100
36148045
12052030
12002183
12046683
13860151
34396298
34420463
1197168
49284686
35309151
35655545
35244269
46416598
12781783
12282453
28431948
48540493
13057511
12433213
6891
30382348
13529
35082746
6079
34660007
34747938
12552677
48675016
1203040
12263033
1158209
1132214
28391314
13907045
31165717
1019047
9952
13037895
31160382
4569
12226365
1056002
47467866
37547685
13227448
12056022
33571810
12287434
12969327
46441160
2749
12114255
31051841
12071053
12328
12286905
7221
37060073
12717
4292
34290275
30891434
9132
11562
1045060
30140057
35304755
1026119
12172155
12079107
1188095
32543188
13321
12256967
2118
11575
12515120
31014542
32502196
36289599
33211729
13584
12320889
1203045
12078145
12025179
12120134
12025631
13161063
8315
49141512
9108
12386570
13058488
15022168
671001
1217008
48540047
34594196
12064150
12565294
27728309
12226197
35125743
9624
187081
12052050
12051076
47062318
5369
12367045
12867423
13110690
12996568
37308229
1158136
12213335
999220
48633521
15064461
28102388
32172259
844760
1185030
12095254
35789741
48509889
9606
35290713
12675884
7920
13451731
46767993
12663935
37621625
12498498
31657070
34742307
30953629
12420883
12454829
32438384
46416992
37257614
12095299
34673853
13445
964311
12120226
36648923
33182132
30437389
48306966
12109032
33863750
36707511
1032298
12693
46961459
13152751
29148386
12626429
33371675
34277064
12824
48510199
33139178
49041186
49234284
203162
13197054
12226727
29030141
46664051
48569270
34470649
12126164
49323409
12117
12070017
12440
1046460
12476269
12268138
35421367
36283465
13112263
12084637
13019030
11759
47692847
30961396
33850865
5103
32829923
13687
30286068
12638491
36773189
12228683
2733
31151031
33612696
12440107
12217063
34659299
27909602
955095
983056
9823
46778163
1058230
48678728
46509124
47038636
28611970
33837450
10049
30701478
33020656
12083228
34130182
37405929
34422505
1212022
12788788
47061828
34787967
32500680
12156206
46886194
12554220
1024308
30545802
46415421
34328870
9491
37190358
12275446
34171864
33850984
34658641
4695
1148003
1077084
34026178
12079173
12146142
28602493
32066228
12288086
34855484
12047866
12107534
12085447
36634815
12083531
975714
189347
1094006
36634993
46923034
35294029
858167
12057
35169611
30475641
33373781
48275434
35955045
37512160
12357686
34491029
30286022
34098026
33470735
1094010
4084
34158528
34633032
31254468
12609
35884142
34617536
36342421
751129
34279899
11788
956430
12038016
12079251
9635
12214058
34001567
975262
13762
12983
9273
36191255
33401000
12291202
33942158
46390958
154009
1205015
11055
791155
34235880
37621459
30372219
12200210
12491406
33036225
33449976
12495253
12285030
46273000
47970976
32934265
36703812
36617804
1038040
10566
12039080
37265272
12380
9488
11522
12579129
47602414
13694
11793
35656808
13288117
30000024
1050347
32209014
1081207
9352
1197027
1145036
34564835
1143019
30705377
47776645
34373745
37009363
30616219
33764855
10565
46423245
33527804
13177
12276854
36614772
9608
12873652
12473039
12637409
34279419
7065
46697916
12038055
11419
12357329
1142042
12002038
12780548
34368301
5199
47914577
34616307
35518640
15060505
31336401
12499721
13081030
30950035
30956392
48986715
32647834
48165702
13907459
802016
1192496
1019154
33230483
7076
31955252
36026448
1032022
37002083
12451
12759030
30132795
34468533
36293597
12085535
36181540
967049
13109228
36989709
12578750
33093109
3521
32676034
36930508
29596157
34272253
33919293
34248441
12395355
35495821
11929
29266045
30904449
27726814
12606272
11560
12119055
12617
34490232
36519554
33284579
34310301
30281437
34490188
36336854
12172496
29265378
12729365
1203022
12760318
12859049
48635229
12766170
30217109
30438366
166010
12429072
47062254
12054
30285305
34908505
1063162
7738
12094051
13027
12198387
34515549
34436809
48276903
2742
12195808
33575858
8851
8332
12026632
32208271
12386241
33018111
33526402
34371594
6454
14312053
12006301
29023886
33261664
46279252
33603866
12072097
1204064
46274125
37687419
1066083
8259
27728399
13226442
14119278
28291318
13609222
30914537
27872031
12127345
48678607
34602282
27871812
12214198
1080124
2117
3459
13413199
33985146
12079128
12126421
33238835
12148228
12119020
48852363
47522130
12441087
33804910
48634919
32674400
47694311
35415750
32747810
30294606
10473
12996408
13012223
861203
12263766
33609642
1061047
8312
47526366
29231172
36776005
31058553
13151154
9959
12271965
34094138
12362190
12619
34317688
31286
12172312
34097416
33702350
32952554
12957255
12492257
30293438
31249428
33305360
12936330
46630571
32440707
14857181
34440096
12077204
35026491
1039735
33800382
36701857
12324739
12473800
12924029
33204591
30939907
12413020
30405247
12970
28070314
32889348
12266769
12002248
12570017
46544401
12965836
1088061
1143074
12976783
12509152
34637076
31087528
34522800
35176609
35789950
12648648
34145765
30482632
12020017
48718707
957020
12272793
33954341
13537048
1124322
12081
36031227
35234896
12070097
13284199
34827063
30958248
28387237
31005762
48126846
31335944
13197170
13585
47910891
36458773
1039873
13861425
12256782
1132219
32758449
12078223
12259698
986035
12937113
33949671
34828052
12532
12293220
12643557
34345039
33139136
31669610
12127136
12459820
203172
31559518
1193420
1160087
46527479
1194094
12274402
896927
34865300
31705642
12287611
32954608
12769474
36179446
932053
33425892
13428
893256
12118113
34172520
37115071
2747
1132642
12605624
29224875
36519595
29392693
12184707
9950
49345978
32050172
34318337
13026202
1132343
35514280
37553165
12662498
33284957
30705264
34514937
33575293
48460420
48513830
768266
12769031
49233515
34819863
1046165
30380203
30954360
34563750
30471229
12426054
36810283
11317
32929800
27695916
12087
36763752
12272237
13367
1145052
13058498
35724346
14925547
48276920
13286486
12083068
30547841
1024309
28602869
46357020
34663462
7224
34512591
12185714
12643745
12649730
47590324
32891684
34096733
3453
14080319
12193053
37090376
34637218
12372826
28182313
12183330
12623935
31339948
3697
12867033
30707272
12053106
1184074
37540471
12259015
12871618
12513047
33205090
13911643
48138963
35784472
12206144
12072073
12046850
12968703
12328989
46274626
32578580
12488150
12838
30645250
34827025
11973040
31148789
7590
48276625
1183082
48568593
13908642
840471
33480994
33786917
12631342
30481643
187394
48635072
1155005
13602
11588
36566665
33749473
48776155
46999200
893283
46423161
14711043
30292411
1047088
12065015
9960
1049684
6459
13793145
37517258
14020587
12478454
12358388
33397884
12702332
30001791
31055120
13161209
12127860
34371563
8327
33267634
12204289
33762408
12126333
15193214
30436347
36745153
12919099
49085268
13492
46362998
36763686
1039319
12448205
31446282
12108959
12536599
11185
48642312
29234527
12037036
34562260
1050549
28420086
35417166
151784
1199126
37189491
12093637
34663337
14119064
29069866
11856
28085561
31086016
30547025
32428067
1150075
12734
34645261
12538467
12434635
9154
30005187
220811
12899782
12138038
27867820
4171
48039471
12266167
12083147
32436147
34349165
37624216
11975044
12085248
1158050
30549251
12052098
12194049
12261
27707259
5773
35516151
12538748
37334467
13283
14711154
1018125
35244054
30134944
46437694
1197037
14585344
46311485
11797
31081884
12532695
36194843
1194019
973004
36618531
1019031
12025020
30225748
30701464
32876484
12667
30116848
33232345
990277
34146147
12258218
3118
1102294
34580775
13163
31346802
12419804
30648241
12537311
14318770
13649
35134794
12441085
30004231
1158005
30480423
1120020
34344893
31155544
12034
12350470
12306025
34230619
12525
48541884
28301090
28411430
12085562
36895221
34602515
35425699
12282208
47703700
12610281
5499
12306310
33913095
47694624
34149495
13609748
1154033
32542685
10199
12789807
32541126
12074125
168016
3415
46896155
12027183
33068228
1155027
30701525
6309
34563785
46962776
1049223
5532
48415823
14080256
12905307
13520521
12158146
32055861
27728544
31053293
4485
1049349
32856247
12236125
14468085
33394182
28071637
9938
30433270
12185382
31559439
13972109
1054111
12305348
4948
34050998
30956260
11589
32753520
12250324
28185303
33804650
12120088
13282
12007157
36567475
36404355
48422308
33751329
8103
12022
48922494
2853
12120169
33413535
1049025
49138532
12046092
33298899
33912265
12408001
32066694
13500022
31148599
7705
12420149
30949808
34519684
31621336
34227795
1086017
31058901
48772781
11686
27866047
3063
12520
31366729
33104276
30994742
1194048
4408
33233084
46587905
12148091
28291349
32009401
13600
34749307
46672853
37593121
47297433
12798895
7935
12444758
33017114
981141
12472811
31309410
3686
12956311
36284311
8281
33115194
32711687
34497976
13113814
13520444
47913919
34137107
957003
34344565
1161201
12788519
30953876
32251287
32244736
12117068
47913731
12571129
7907
35304392
34025017
713080
33579340
48264399
12966631
13197756
13449740
34441793
46528037
12183706
14608720
13189949
12606
12337273
35083022
34538452
36020466
34354333
27695613
34827139
36289374
35427028
1087294
12291561
36763420
12070105
32897193
34469687
12060
34470226
48196977
34198949
30785288
12258420
12284
32833239
12788674
1122079
1192438
1197042
32613382
33619108
30648474
9275
32541378
12001056
47967367
34532924
12078156
12479356
12840
33238413
12177051
12409191
29023285
11934
36223467
48276660
691012
30643468
12058
5073
30110375
30000584
5768
12038239
11682
13282198
3614
30233928
33015663
12434106
35656490
12787345
12139022
29938255
34178555
12317119
29797671
893353
10206
12198618
1203028
188694
12360192
12266817
29069829
11603
48496989
12904582
1211065
8997
12383901
33174146
12664848
8918
31148207
11928
34856142
34036840
1019172
1198154
1213026
1047065
35138607
33876611
1054159
12373037
12205939
12021018
12118643
36077532
37057103
34514416
5929
36624133
11561
1038338
49333962
31716141
12174252
30546349
30379539
12118276
34318895
47001153
34402641
13429
1043183
1026069
1015287
36403069
12360325
1207041
46680516
32432474
9943
12194
30693218
12701739
47293107
33373401
1145064
13638
12120564
12571508
34369052
12407241
35021758
15064282
12270996
12060040
32959015
13228454
1197082
8329
30109341
9197
12271821
32463676
12351222
6463
11680
49339158
48851098
12291690
29414807
10997
30443398
31763792
34598472
31224973
32056027
1177014
228528
860242
34558839
11514
34317865
11074
12266282
30600244
48510880
13173
1085116
36185073
37687082
10204
35078057
36671876
48196724
49141777
27871544
34038336
12608
12206672
12489984
12709
34318335
14017398
34516670
46925314
32607232
13702614
49332615
7549
12554585
34419454
31434398
32562836
34313582
2738
27868624
32898084
36289199
32852106
34969740
37700302
36284275
32719273
12126190
12820
1197093
12953116
35954496
37454860
13422
12318473
34601809
8982
36339210
13906123
36342936
1057069
31338560
12128826
12108770
11263
13681876
12084089
12570150
15060490
8678
12372927
12177079
13286745
13286296
36929523
33751990
13057513
12360098
34143046
12039167
33804717
31155535
31096495
29786280
827534
11890
32527716
12303384
8358
35234150
34595705
37207396
12270806
12226927
37128657
49044342
30949658
12306102
12085017
12113223
34319705
30003901
12459208
12138012
3690
12934037
28413814
12204127
9774
4873
12024274
33909050
12126098
1158164
13152143
34914899
36192183
35602377
12557
32458924
12002111
47381467
12346106
12992
34978826
12112270
11362
1139001
12453329
46495617
33165901
49045902
12638
47058920
12906586
28186289
36514141
34563493
37003204
9176
12317299
33872030
34911410
27869687
12853998
11937
29938294
35426422
36522891
12039063
46396295
12606545
32433348
33428371
12219072
33796005
48576603
34136226
48352649
27871284
12156298
12853283
9026
32210782
12266020
9087
7100
34827548
12371
36217141
1050241
13417208
2121
11112
12528597
7160
10924
12099063
7620
32007801
49193252
48510439
11363
13285232
12898132
32675527
35788725
12488048
33997946
12205140
5538
12050022
13734
27908825
13447522
13702
12272278
34390370
37127771
34246916
30703828
34469478
34249036
13520038
12237601
12084078
11794
12215141
11564
34244844
34400302
48582023
33506421
31224557
28602759
30892270
34908779
11962
12344943
12457105
28066477
34202049
34494974
12336534
31308497
30293684
9607
29303235
12168195
46778286
33859866
1043180
12015
34489661
894035
828169
34514493
189836
36623116
31657207
12481763
12571710
47294665
14115792
1058078
12276375
35512695
36455929
11761
34366352
11532
1049637
30959686
12097087
13698331
12475600
32433536
12003141
46437275
12287907
13581257
12605278
12851112
12034054
7227
12360194
30707953
27727809
48806664
36027223
12664246
12037229
36399330
37461841
12291958
29590556
28025248
12122236
34595172
13497629
48636175
12172597
893259
12769648
34319275
29069876
37001639
12642936
12502109
12465111
13524453
35012802
12084011
8009
36059373
35258890
47127537
33853022
1143033
12003081
37339733
28413577
30471247
29581171
48356173
29026548
12274326
711463
1049463
30223511
35258886
977173
13681463
30129404
32252720
46390845
15061152
30905378
34415236
34208819
34077919
48901674
8922
30294683
12195995
12442955
12262344
12236017
37503269
13111338
1073034
33240553
36621564
7067
35125624
7419
28864015
1039314
13676
37560542
12699916
34540410
34247084
5897
12328750
37255978
49407515
32578410
32540734
1142011
14101818
189833
32744777
31094049
35082456
13447762
12270158
34096555
32750845
12413
12494417
12594172
11001
12200178
32264339
35136304
9604
13284735
37090579
34276381
12564822
34864275
48643818
1217015
12395708
34166299
13449630
27868344
12442
34635131
33356479
12410180
12386867
4831
12432304
12600145
11650
4153
12186
37623798
1046128
33191836
12060031
12275356
48982342
1039025
13006541
48045898
12676697
36288930
12065171
1008034
963409
1193482
1049149
12237593
12216170
13580
12345209
12939028
1050630
1015002
7652
12565383
13286226
36706781
12598784
32095473
961091
47914862
31917796
12198654
190349
9493
12554399
34358041
48043543
6495
33400898
33072482
49229299
33871442
12100
33320567
13114451
34954393
33917026
33154311
31002807
12140466
12464053
8993
46443064
12028164
30003579
12454748
12459163
31569994
12316085
47300274
3717
46579787
11528
12317046
30368277
35601578
12002065
46355938
12173071
12264518
12701347
13058502
46559027
12080
35177180
13186
28867788
47062748
33232711
29740380
37259193
37342663
12374
35424934
49046025
12536750
12270100
12873554
12213291
36459229
12394380
9620
12964108
12172643
37550914
30093274
10563
30226189
7767
13184
12411
33347494
34658606
12932129
31510681
47528025
1163007
37255549
37059886
12344246
34597580
12533
34206675
12126856
6652
28085400
48859043
12172289
46551371
12327114
12445004
1002084
33571978
12030437
31659182
12025585
31083408
11359
8402
29397565
12282397
36520025
33699558
13450926
34512471
10579
816358
12076
776875
34145615
12052028
35828797
985226
3722
12405153
9519
35945901
12664
13447727
8335
12226859
14312156
7760
1044090
12127184
15196474
7540
1006061
33582335
12118563
12442373
35169303
33620289
34645736
12897623
12537884
9225
47292383
13164
13067
12498823
33426935
47684069
1132222
3307
13790734
12281
32487528
13201138
46361128
34348023
12127148
1181154
8350
12480555
12721
1047139
12215179
12553076
14588567
1063007
12990
32241534
11517
15064139
12568985
12003204
1023082
4715
35514864
12520465
12147293
12038062
46441717
48773175
704011
1049065
10238
11466
12126716
939133
12783012
49091967
12943092
47963857
12627262
32249622
48356225
31479494
32503933
13035128
12356808
7181
12265483
34794997
35518762
12195370
34589586
34036554
11684
12444
12465
12969321
12320819
966147
13487164
34597979
48678598
12114212
34439529
32934943
122455
34522228
47252462
11308
28863778
5787
33574378
13193
49194870
1159162
33914220
9968
48637426
33575432
12666
1051015
47298186
12157194
34129661
27908720
3337
33736091
34436832
37666796
31338246
13286512
48639553
30216288
11378
12007112
27906669
13198802
12282762
33284852
2116
9808
5234
32607859
35828284
11519
12265255
7843
12324355
12079084
35272379
9278
8229
30704897
34039075
33800576
13151073
1064092
12002138
29393033
1196073
30223925
12433352
34097618
12250146
12967955
4755
34197060
33044770
12138261
47826638
12120652
13022016
33460486
12128010
12002201
30226109
34294360
12204570
12923688
34344395
3059
30952637
27694332
12002147
5379
34347660
7864
32432466
30643569
12064164
12565128
12108564
7752
7424
12626202
30132826
1058125
12538301
48496376
9946
1187071
13793226
12205044
11546
13448119
14857180
5001
28071666
48638704
12626758
12083155
5781
13866011
47196884
28432015
12039272
12001073
12568490
12195169
13449811
31147519
12969689
36773016
11931
32675955
12359027
12571702
33575398
10594
12851265
34555277
30702117
48916750
48822039
35252466
1160166
8336
13145283
33910503
32173845
13058190
47684139
30284835
47842767
1044125
12534337
11930
8243
12493781
31093827
32894983
34470095
12610503
31958891
30475296
1204019
12747
11758
12047978
13909164
33068402
12285433
12545667
32851767
12436
29497572
12760978
792131
12059049
9940
48632987
30795977
48863024
12065174
36343933
35724302
46974581
12292307
12344774
11742
12345189
34031248
48509853
48634828
2524
30940661
32286276
12198165
48637035
32479403
14101634
13860299
34618715
34374990
49284387
13037397
12418950
35887665
33070406
12419984
12324636
12093597
33907844
7122
34830330
48276050
12633617
12394972
12092726
12529492
33426674
28305053
29026951
13284206
8162
48100227
13104057
9112
31010574
34038223
13237
48730095
12605
34051066
7665
31764276
9633
32513883
31675365
1047427
31575968
12118540
32726836
7898
35021759
12450235
13909707
33710072
12039173
12174386
46503486
13589
34235847
31476283
6460
776879
3692
49009500
1098088
35883201
12200400
36401601
1124151
12085036
35603828
48614860
5342
31657194
49330654
33576497
13681619
13449731
13198916
13723
13112541
1038374
1047188
33390748
28642672
33907333
47352146
35234427
12529
32210772
1178104
12227865
35789479
12002137
49091539
1038099
28765617
34853589
12172591
49234751
48640185
12128162
12051022
34361335
33047183
11049
49209444
30955822
34303619
1132085
32897934
12529780
32511208
48496634
34366270
12459157
1105059
13153103
48636985
49347789
33104689
12333
13911016
12027624
13149356
30132402
11011
12535
35067815
32399227
30705299
12584
32892945
9147
1024313
30476371
30710142
12036
12181
12383352
29808972
34441912
35168386
33107141
37623811
1158173
31055012
12433657
34491100
36240535
12204053
12769394
13255
29357279
27869312
46451926
32043441
36930813
13642178
12127977
9508
46960624
12037013
12872710
7591
35135049
13026663
35057132
46722252
33849363
34601549
30643746
13590
990051
7244
33204588
28868649
7214
1045044
31008380
34535385
12116
12227235
12065095
226672
12967394
8753
12077115
32781175
12166013
30001084
1038361
1143012
12282879
49303402
37197608
12874853
34368715
33211722
1137021
28299117
14925379
30107423
11034
1124109
6458
34922852
13611379
13286
9114
1032412
33085083
31339012
34419452
12128462
1041026
187462
34351386
12867837
31058454
31151019
37092361
12084330
961358
14925277
32750694
27725882
33320939
7346
33842256
13111296
12528746
33462277
33821053
33390699
37263650
34203540
12967945
1047438
166016
13447736
1094315
47930076
12083634
13148288
33990099
29397593
34497720
7772
12286700
12078
35547742
47130278
33094943
47060485
1160080
31721486
33630350
36618878
35880052
30785440
46270016
31015715
12453139
28863765
31285089
34600279
1083049
7946
30126856
33204459
13117
33576005
1182727
11995107
35203404
12497928
35192227
34634704
12173538
12338398
47969148
48774951
34399351
37517307
12085271
37255369
35421613
34601295
36930943
34304060
14298388
12185224
13790589
12294124
31090384
8151
49091850
29234361
32220939
48274196
12037292
36171957
46698916
7378
32505829
7764
13448138
30382895
32125708
13447335
10123
34173250
12115118
47913776
14930127
12131582
2852
48436253
1047130
32511525
48422628
34136356
12093668
28303284
5568
30285100
5767
30476029
12276079
33900743
34532055
32505601
33315839
30647405
12156162
12115
33202309
1032426
32621657
1015121
166018
12064126
13005262
12258615
46630925
31962014
12119654
12128130
36861545
31064222
30957367
4481
12003134
48357207
12355462
34202772
48415087
34563612
32743623
14807229
6472
31576180
31314612
46895583
34351327
1193004
2516
1041122
10585
2066
2842
12185216
33908350
12529644
32870452
12135073
32008947
34532568
37584083
34281312
34094028
13790778
7965
1185054
49407281
30597369
46997129
10209
47062607
33461024
1026105
12898527
35067448
12156273
31058476
12078190
1038057
37343079
12349775
11515
32042995
34406409
1151001
12313092
30958996
1058073
12138269
12565130
173002
27730458
12497468
33820389
48982762
35512997
36283578
47196293
13497294
35517812
46778024
34374380
4833
34468449
12999040
1073068
34618983
33129388
12066
34640059
188565
49308288
12183130
33390266
49023497
12058015
12037205
12303579
9609
33168443
12247
12292130
5039
12259146
48777495
12127938
48770777
12303399
7662
9269
8291
34541400
12642020
986266
48820836
47694729
33106934
11105
12622114
13151806
12069
48200430
9103
13838518
14102927
34575523
12969992
12226907
12789336
13793914
13528422
12641108
12058024
7905
30416224
12415043
12064011
47300667
46998695
12968256
12319670
36523733
12029116
31963015
34920628
13489
12174521
13132656
1047180
865007
4592
9881
820108
36704131
28300922
12120123
36779158
13899303
12140348
860734
48821581
12204164
36775765
12120480
9766
32989326
12206844
46500093
7903
1043290
36147841
34310226
12085016
14115706
11531
32774796
188831
4764
4760
12564390
48949142
9126
12174255
30005088
1213008
12109060
12110
34783349
48985430
5678
12282987
8434
33576143
47191826
851033
223716
49089024
12874477
1081334
9438
34497654
48775686
31960592
12350229
2843
36137371
12028165
1007212
29234884
3619
12623034
34244816
5334
12054456
36285642
12090204
12498531
33418240
12157298
13110370
48356600
33426043
12782784
12020036
1085053
34438729
34317866
32954269
13058503
9971
13111430
34230515
12111209
1097156
34399749
32980978
32119728
12744
9203
31248546
31656237
34199713
13603
49140057
12994
12923743
34579517
47300763
1047179
31346547
12051093
28186342
11100
31220269
13910246
36130097
36775888
33998873
12071015
12169
34402757
31165411
12205486
33099045
30956397
34248907
1159059
9217
13156753
12277884
33527397
31621879
34371297
12308685
7834
13057497
12316538
31953808
13034898
46953561
33029293
32607735
34230935
1132075
34592980
34202146
12443055
34130022
1194069
47189062
13421
47074187
35022573
1030008
12204446
27695362
37060169
34465695
12570571
12083570
12760882
9566
35012730
27868469
35415686
32572180
223700
12383659
46827688
34257164
13426
8210
33820047
12084397
30378281
33259403
12491404
12730092
12580033
3706
46273988
12077047
12349328
31253654
5206
1053026
29238347
10200
1159078
33581515
13408
12484205
13701069
3683
12358435
12235406
37203082
2515
46893361
6290
11566
927054
995003
11693
48678515
12003226
12358513
34576348
35784564
9353
12174393
34536564
12308509
1043310
12167052
12200062
13112634
12077167
48696492
30433496
30646691
1063107
13662
31158377
36617277
35241310
12164067
30784919
12009059
46589112
37623107
27871786
31512071
34373473
187229
47192266
46357011
32095859
49194574
12632289
1060242
12461021
12866296
29589087
30377220
11960
49407030
12307195
12580
1077086
1081579
30293126
33056279
12432799
12002056
12052026
36811126
47967482
12768748
46451354
12119653
12282062
12565798
35883064
8326
33426947
47776978
12228509
31157354
36090498
12433042
12203384
34142935
1079074
12084497
32851218
11248
12027173
28611670
187800
28415748
47061822
30002995
33573194
48609961
9765
12761778
12292573
4721
12124032
12382970
37185062
46998625
33937972
1145001
46945712
12277282
12120700
34199516
34420361
12183705
34784619
34443837
12120218
33796125
13128032
34373442
35066431
12291727
46389749
1086014
47826794
48152985
12568360
49283805
36224024
46442509
1081451
12328955
1081940
12707
29414956
2739
13447534
33259618
46697099
36336572
34489319
32946886
1039121
918003
35247416
27730696
34149399
13026129
5358
12112100
33150317
31758130
991182
4936
36942154
10572
15060284
13288939
11649
36070413
7931
34441584
37126474
5207
12060060
1116003
27692352
46507475
46312382
12256230
34870116
47521576
1177230
1040154
6288
33371838
13190
13200
13038022
43515
9109
13176
37408506
34639234
13159
12592
33871780
12292881
48355721
12174057
1102240
47199699
30444525
36513047
49330464
12873540
35655623
1198071
27865659
7592
30796805
13001
12372882
12168149
996336
46778454
12290091
48993614
29597167
1015634
12606197
15195205
6479
46276243
34441517
30647458
46996958
12923369
9390
34256885
12275908
8925
28134851
35512489
32679524
31008744
1058098
12968859
31095797
32026067
30960142
12258524
12206504
29265903
33373308
36843309
33851006
12039199
47132171
12227290
9951
7342
31093206
12038210
12261311
13110686
1185014
47384260
31652014
7095
14119957
30547645
3073
7807
32787243
33610523
12347360
29785908
34831178
48218180
8294
36194372
34827655
36513867
34440047
33862343
46672323
1046338
9548
12276986
12003187
33441050
34354513
36338617
30285508
14930125
34399613
9585
47352387
32889049
12056024
31187124
12021
9656
13439
48672873
33995829
12568026
7570
32439539
47735115
30116574
34613873
956418
46552101
48768485
35066681
29148309
9094
33914952
36022451
46996972
6468
1102063
12459152
12513
46508541
12038111
12258996
34361501
13183018
31779361
12037062
1161122
27729494
47471871
33985195
12078171
997001
46960737
1050099
5774
1153007
30713037
46442318
48643970
12235480
12631357
4947
48352057
36634543
12303072
28071824
9179
34500370
35234721
32916172
32499281
11816
12085694
11975111
35420415
31439421
12291426
34203569
7544
30791425
12003160
48436201
12079050
33601912
30001391
49292846
12798308
12316481
34618488
47192423
37456747
36811379
12904290
12434465
12292356
12672
12361039
47680929
32541650
48636701
860733
35417056
12282476
13037917
28175491
33735496
34368867
13681733
36451607
46782382
12079080
33002266
826174
12087154
1023077
7225
33751974
34041050
30956795
12373022
1198142
13643015
31273176
4811
12050057
3079
35729439
35234193
7768
28071541
29026799
768208
13331
36257992
30647740
14925079
34443524
12604740
12056056
12128470
33045610
34593320
48196393
34335311
13523636
12084118
34230276
48633355
12128805
4488
29052167
46508780
1204076
13296481
12057096
46771304
34679092
47973041
12120174
12460520
48200066
12275142
34447312
30710733
32549343
33511920
7219
10589
49194523
35290448
12497279
13524126
31153397
47062212
47298254
32297604
8926
31435875
12532848
1054040
1194036
30955579
37547047
11104
46680465
12373146
13449578
12434363
28864908
48512971
12350299
31153286
13089
13009145
29051684
223780
13906470
12094647
32574893
33578864
34035556
1081251
12233120
12084518
30469245
7541
13198218
31436973
35269680
13316
46416758
13006131
1195028
34229406
1196052
12965586
12128980
29026351
48195627
1019069
13197605
12020026
189961
13109231
12135
12272245
37623259
12349094
12093500
48414435
15063609
33097102
13284137
1073038
1158079
12057030
12498266
12185665
33850620
33126478
12118230
48162922
13058582
12063096
12966996
9942
34519792
7781
34514610
36963139
37131949
13531
7932
33496420
28066343
35293506
11565
980025
34437052
46318497
32829967
961071
34515673
46767296
32434917
1054178
12172466
48045911
896457
12471927
27905963
30233584
9945
12281697
13296269
12358094
34469821
12433929
12349362
12117208
15248088
34150121
4895
33909848
33397967
12200017
37592537
48822255
12003155
33710200
2699
797087
12481977
49045899
7730
13540
3090
30644685
13795045
36570176
11777
12127564
12785088
47758669
34978249
15021290
11570
12711
12282824
12259217
36927445
13605
1185021
33047631
13145036
46528188
48821102
12172260
33067448
32155885
12118158
30891458
49317467
28864154
48038707
12490693
1041119
35082553
34256711
12195110
12024023
32971866
33068447
12564872
12528444
12085241
47380681
1038238
12324449
12984049
12435
12622257
948007
12001195
12037252
4883
13022024
34291662
12623732
12131303
12367021
11795
12127331
37044410
13528284
36778680
222871
34205050
10750
36706730
34954963
13500447
33735944
36938373
34662305
47062376
48265144
768224
34280560
36517196
32710912
37467280
33795878
12276729
36772985
27726241
12972
14017279
13796823
12320763
1879
12143081
12193468
33136121
12064031
203531
991218
46272210
1106052
12327138
13080288
12183312
31150709
35517643
34361454
48821288
11109
12281933
12610227
7660
7233
31545391
34055125
12204388
1049250
37670230
32753817
12641644
28632411
46771646
2736
12460438
11544
33781777
11393
12053011
33613415
11608
31622277
12373633
34783598
1084207
8873
12571830
7538
32780766
34335649
12550
31626589
1021056
12080194
9954
46395846
12971
12277986
30482889
12529648
27693474
12270575
4552
1184092
34025934
12543
12174329
12798217
12782258
33047496
34407580
31096339
34515052
10578
8344
36287680
29397409
33859227
49142035
31514819
48084527
12094619
187010
34269476
908167
12200962
12967449
31057634
48772297
47774461
11243
47963678
12072078
12271128
2110
6491
46777723
32607198
35138791
12482207
1089157
12361498
12320324
33604275
11760
12265655
46587834
33377523
46916426
1102268
47508358
1050440
1204041
13685
12898835
34204446
33267854
12051012
12346
11427
1015001
48860506
12037181
8170
33495916
34864388
32828490
46312352
12119280
47522267
12338119
13794656
33435854
10607
12131
12345724
29951251
31956066
31156304
12271696
29581111
48129080
1063018
12193836
12108537
28419476
36455854
31804123
48352196
12954319
12350867
12092032
1184069
47128193
46998164
28868296
12451041
687007
31153214
13153646
34422374
30004325
36570084
35954379
13737107
12291207
1048043
8049
48349240
1087265
47599346
12626625
12195296
37060170
31030065
1032016
13268
931006
29234329
34313756
12198857
30109622
12281764
29234568
6729
11032
9039
34535512
12559
35187624
12875343
33603469
12038272
12346587
12265319
12317656
1039031
47130549
14885023
28186244
29271051
46276493
29304235
12001011
12293108
33613493
34335898
30644115
12173126
32710473
46318463
31003678
28304831
48264972
28602377
12874318
36927895
48643027
12217098
33859326
12170246
12092235
31156285
34403634
46499928
12065026
13587
1066088
1116139
31716441
33114933
32717693
12127366
33435358
12027122
34494746
33937610
8916
12975548
4469
12271227
12284199
12039151
12003098
13041
47249138
15199791
13038273
31087388
11933
31956953
12332018
2127
30600467
34514368
33101366
30003587
12981
12184693
1145043
12542
11449
14712117
47602572
11367
35836544
12287129
12200580
7713
30703921
12433758
37508122
12059017
32429558
6075
12965194
11015
11375
34421545
12929031
7654
31376161
36293643
13618
34472436
12090100
10711
37262677
46700468
34596149
35005076
33102908
12662121
34204107
12032105
9657
12085176
12094099
14080272
12263
33735716
12641765
46424038
33305977
13415189
32915738
12275235
12117011
34422242
12492175
12002207
9622
46276100
12218
32572025
1138026
31309667
12039028
46954581
34515593
31796235
36027569
1204065
34559031
11542
37221291
31446467
9104
12194673
48992545
6453
12258027
33937318
35731973
35416543
48642549
1135093
12745
37387140
13582
34532640
1085047
48435695
1185082
37467748
12228117
1049168
34909004
37561474
12284269
31762704
12183189
4486
34716811
12198390
31621236
12025552
31095168
32208979
32825850
1211039
29270372
12799784
12282636
31356031
7215
33804419
12126222
11875
47078919
1216023
12676212
32888580
7780
27910657
34196581
34199410
36287003
48264671
12996518
35759458
33603673
33936219
37673422
4130
999116
48510833
12537976
30475838
12052075
49045654
35829509
32997653
12194040
28182500
33860041
49393487
10202
12256083
4700
11653
9611
13363
1016169
8163
12127362
30482088
33126799
37633336
34318343
9092
13908729
12065110
12904131
32436299
10141
12236114
13537143
34248915
34579388
33909233
28868481
12419710
12091071
31048397
981005
46356747
29938239
48633664
36857713
12730781
36619373
34624664
8930
11625
9454
2517
34403062
6068
9776
12669
1039899
28420035
34563995
12199225
32829913
33240702
34365658
34097025
37191378
851015
12729692
35121270
12144032
12283512
13162
12906625
33938088
9745
896894
954425
12147170
13738
1132167
12274111
32508014
12070020
12700520
33029547
12320562
12319781
33203115
12074054
34564677
34303685
1049501
13152957
12077045
32563314
34559932
7235
46816717
13523492
13059577
9455
34539310
32248096
33744334
34354460
12048239
12028291
48275432
48632310
31083713
12079231
12199576
12206968
36181946
12172529
12195251
32128331
14908540
1048023
1050364
48899776
30285290
12185042
13911245
5359
12642623
34246756
12464858
34397011
12408287
12329470
12079186
208391
1047337
27729299
13864088
32893215
34390996
34050673
33097865
14021228
36567754
12133041
13128293
3273
33129320
12093176
28083351
8921
33574144
31632784
46396801
33435930
12632304
33778851
14299485
12798713
31862479
12200911
12964073
36402433
48280718
48371291
35197148
12193174
48203659
13279
30707481
35945511
1131049
827728
12458077
12216082
14587823
11921
9282
3093
12052020
12766324
11947
12027336
3691
12037064
47450010
35134883
9131
28071352
12773144
30132679
14118462
34146082
37191724
12290115
30705921
34369022
954037
12440042
11764
35888883
34859451
33202844
947234
47508488
15021166
37184442
13110849
12276546
224929
11618
32780790
37410376
32659289
32717474
9486
35420994
12787596
34635034
12037033
29961285
27729988
12038065
12304113
13213
30001054
30955339
46957088
30799777
34577457
12720
48574802
1054149
1185067
12184584
31048722
47256454
12172636
29562418
12147234
34537342
13284825
11004
12643272
13673
12359229
36921895
13151821
34616376
35416299
13109481
938016
12235082
30962487
47062802
48641967
32782978
12101190
12232080
46672963
13189067
11251
1047014
13579
36454399
46831176
31917276
13285329
37335120
36289048
34339501
12356407
12103
29272639
7539
12279635
11999082
12023202
12495732
30783236
28416044
31495403
33696513
12228818
1015097
1203050
30129420
1132392
13030049
30549772
47970731
12563879
3705
12204436
8391
29069418
784453
12324128
33575659
47060802
13155607
12060088
27727342
12405355
47380687
12571227
991119
34549442
32065460
32589116
12335417
48438179
12147166
28066691
7895
48675714
33470915
37585702
31030682
12948070
33936777
30703834
12079139
28415531
48719066
48134279
46827935
34371988
11569
27907665
13447730
12003125
36288943
12407793
12432823
12250167
37337313
35888119
29266018
12103042
15022053
11927
37002554
12757
1877
36512230
32846313
12471613
12533261
12236269
29026338
12761522
12084020
12761879
12039095
12264636
33276080
33573411
12520473
12139151
12729733
10608
6457
12147185
33949964
11265
46588708
31089334
1139002
12258968
27725806
34402661
33551328
34024947
27905991
12141065
12386139
12701700
12419639
12052056
12454783
47192974
14713124
11950
15060319
36683295
12001183
11080
33069197
12042059
35881650
47063201
34365329
32743358
13972037
12284179
28633062
12194080
33995557
13398
11512
7658
32780549
12060054
35603939
34025841
30475850
1153020
37561914
12513026
12226673
13528243
12676703
12497878
12237612
29032310
828124
13006186
1032247
37540088
33909733
12328214
12923633
2963
37507768
12275767
27729976
29397237
12408182
47125705
36523390
1192499
13612421
13155879
1122036
12127922
13027202
1124093
32154548
34859382
1106073
12186013
46312481
1049853
11974130
34470808
35293841
12276904
12138062
12039084
34270068
12001121
12120234
37679162
31345427
30292413
34673348
13284
30644986
29024180
33819766
32563670
1039879
12195157
794014
8920
1033019
11776
32675488
1094178
12395569
33030905
9572
32725601
30478013
36287569
34352215
1074042
6467
36191296
8220
12085378
32930378
35133580
12676
30126530
12063193
1211046
34324437
6091
34821168
34470566
28413428
30780726
2055
8022
33897273
7217
12499703
46389505
29069534
28765605
30530224
33849229
13683450
13197
11698
29394105
33850548
34279473
1050260
12679
12056
7242
46997990
12466772
9957
12094290
32972017
12002217
34277043
12228845
1046278
11322
9143
12118507
48163109
31479423
15196777
49347289
947021
48851188
32786619
5198
32893147
9615
12648491
47775372
27728251
31815246
12001181
14016428
12065179
34279782
956386
10879
12046905
6070
13160
35424202
32973587
34638214
34678704
30000957
13595
7890
12276665
27909499
1038375
32466007
1085086
34970099
13287
1049983
909029
30220836
34352156
721016
34546969
11024
49136018
32272606
31514052
6681
12636
12471952
12598993
12434625
48138434
34617139
976199
850018
34291125
12072058
12251309
8147
31367339
1158097
1025202
6098
37666869
34319195
31711248
15062656
1210080
12932368
817154
13420180
11481
48852910
13418
33040288
12508
1207036
28070060
30004770
12564318
37335152
32912271
32578235
33136161
5997
12319640
31250400
13523249
34228096
12139562
33907588
14608644
11987075
1195065
13450564
33138919
30285373
12919472
12183058
32912527
12923585
1043015
12899524
35122805
13156605
12333145
12133084
34396741
32571769
314426
10753
1050510
7371
13151243
32929277
32712865
12373873
12494
48199622
32097566
7216
13103035
32674110
12119310
12118670
1044214
29588409
34310317
49262424
48038601
12022040
13909094
33583993
12382071
12136042
13009759
5354
7894
12288688
34307064
27869456
1049310
33463910
32276852
30004947
12406366
12441210
12023517
46501864
12798716
11241
12119498
28863494
46768104
29589167
28431558
8320
46275272
12702492
12195252
49338659
12553434
12419484
12648157
11925
34747449
13523466
13328
1050236
31004642
1194119
12173247
12526
12606352
35079088
34471623
34550347
1031044
12277185
13445517
46551550
1060237
10582
46895623
14312549
32291873
12138252
30315361
12913138
34534823
12538970
34198156
12350853
7783
46921476
12035119
32954673
12477288
12437
30002425
12227
12204345
36456748
32675379
30128638
12699917
36129986
12797890
12662057
12120631
28185203
31765958
12549
12259037
187295
12037139
33950025
34204611
31565042
47253202
1185005
11715
33871594
12418310
12460368
13111480
12633236
7262
34337836
2331
27862793
36337566
13972281
48814248
34914432
13610051
14588780
34438324
12094558
46779081
13370
36344105
12536
33711050
11677
30914421
7891
49196710
12473023
47294112
36929758
33876639
46558724
34354685
48772339
48947700
34742528
34375074
35066996
12128298
12319085
12631165
12580736
30294177
10782
46273630
12288442
1212037
12468113
805488
32888816
12275828
31060164
33068409
12609574
47680747
3081
11550
34636773
28636105
48678266
46360244
1050216
166033
12256838
1012004
48988656
31004867
36402178
36941370
31573582
6462
33496365
12471974
12730596
29230472
12083727
36398591
35506271
30217240
954530
12623848
12571433
12270985
12479239
33772280
28762221
12642721
33910499
31662748
12270
34819355
13535
784452
30792948
12270031
12175349
1196009
34442359
1158170
1041100
12195835
12146285
1071024
33907876
48127098
31052925
168003
47680703
46528828
34199774
12285372
47294644
31951555
35726654
13288861
47599485
12327085
34442370
33941285
15001027
34438222
817039
12523504
12195512
12916020
11526
31518400
32542405
34317857
34493156
37191862
46313179
13497599
27695983
189577
32856695
31565057
11114
46276506
46818886
31016487
12108762
49232276
12898589
12237465
12110082
12259376
12096059
36288445
1047298
37182484
11407
34855685
905097
33305475
30003804
14587783
13586
9002
14299614
7138
34204493
46999710
32753539
11239
8304
47131987
12146218
13611612
32297605
12467169
12441086
12001042
34209078
13447158
12607
12206070
34464373
12025066
48962176
11395
34908379
11396
37133880
34555319
12660
34203883
939088
33580895
12406862
13205
12147178
33167112
32008630
12309137
12060047
12157336
46417251
12270343
12541056
13730
46510482
1050465
1199064
48852721
33778448
12195602
12642508
34780123
14117520
30646697
12371505
12316083
12191014
30644200
12259382
37184708
12797149
35510854
48497340
12083549
1211054
34437062
32913311
14804383
48993843
12308369
12038158
34645441
37588741
12475
37131923
46528981
250422
10142
14118709
32052476
30437285
12084674
3699
30000267
12199153
49301109
12350418
12059030
33993628
12113256
34922654
13151546
14714082
12338
34601584
13152401
12204777
12510029
35726428
13058487
1047209
48722816
12283110
12329423
1048054
12520634
34922870
12899480
35415778
34136672
13523355
12109219
12307447
12537
12284195
32780284
31472664
33603794
47521664
12658
1046217
13035093
12226597
46437371
13642185
47962957
29026797
711683
31253756
5360
28071636
12610265
12027682
31088027
33259938
11096
12120673
31990599
12156096
31964717
12050035
12079035
9941
12138313
33582554
12280419
35422382
15199416
29354323
12039082
2422
48643899
47964330
1087592
30476233
12386999
28602303
12079066
33871359
30702141
12509049
33696745
12386935
36451281
33451667
36290773
12009
1158065
12525569
1058045
5770
12028228
47199312
31093298
48083009
13082
12277051
9090
35885114
33697021
48280357
31136991
30003651
1193436
12002125
12570153
3684
33527144
12292452
49141662
31096840
6487
8298
37231714
12346007
12258990
7580
30704161
48356997
1069015
12002114
12644580
12235746
33069166
3701
34594617
12183531
47127109
32430218
12052073
33949466
31668975
11364
9121
13608201
31766277
34440237
12065031
12531
49135339
12604
12516
48643228
33744410
32187955
13145174
49009551
2153
31252052
12023
49234748
11728
34469575
11924
11994
11991060
12205361
1044206
13056440
32431990
1081954
30481290
1141021
11247
1054042
34958167
1193394
11980
35057881
33426084
7266
13867076
12787423
32115993
30796027
4941
12780724
34820339
33008145
13450967
32628377
34172562
6456
916042
35252293
12194134
48985521
12480860
12605661
12408206
894093
35515914
3256
49377287
46389459
33126314
14469397
37503385
784344
31665914
35022361
35729331
32602316
12798843
4777
4478
12866377
12082
37257359
12923493
27906095
2130
33954498
12442996
1198095
33578334
14080282
1081917
46673679
881013
47966447
31343405
1172023
34436645
48992775
31165408
30295107
12235230
33842529
31313408
14077177
31093891
30647664
12557247
34908521
12118566
30701118
12320368
27906796
31155300
12140265
12967573
7682
990177
12308172
11131
12159
32676682
30087233
13500802
34634932
32471164
46669389
31681224
48983783
12285166
5196
12085330
12365010
35234619
46276471
32782911
36523324
46954376
15063419
11941
37342914
14921025
30616590
31060576
32718404
36240783
7159
13084
30940203
12506799
1044203
34196943
9107
48194743
7680
12631536
13417
36622301
35716952
33298660
34512260
35293773
12118551
30116754
35220943
189873
13247
34179438
33804517
12875936
33095277
34276620
34196728
35885077
12148113
32915486
12049170
11518
1132327
12316248
27863058
12507326
31255686
34894393
36171371
2987
1047348
3526
33996039
12948
48415806
47130787
13035313
32672769
12065135
12136078
48194419
31638608
2768
33033230
32980337
12611224
15196131
12270037
2861
32758594
1015636
47773583
36020514
1020090
49045754
49306224
11066
851364
34497633
28413550
33217006
3072
12490380
3249
916104
32125740
27725289
1046379
30480980
9102
34779475
37343374
30648719
33609925
34826356
14018235
34294505
48280531
13611855
12146220
12077223
34373437
12432960
34643256
1083010
31003906
48129195
12084229
1156082
30129089
12867228
33470408
46638097
13296071
33029433
1199043
33859759
12289153
31091303
13111159
34828062
35248138
32852884
34248667
12027689
34375061
34129665
1205039
36336836
13188
171008
36569969
11513
33037476
49193309
12108767
36180108
49041993
12085574
36859575
37459332
49085883
12025425
29590946
30702017
33097213
33744392
12113
30710587
33470797
1214008
30395569
30689233
12969146
46443248
12270597
32750688
6464
12639269
35141338
12120744
33907890
12092424
12057021
34497412
12206205
13527275
188141
12277026
33938216
12544
34466666
2849
12059
30183146
5350
985227
14420803
12968787
1199051
1041024
34248395
48567469
34618946
36683790
9605
7944
46332130
12553814
30802803
32897995
8017
47758431
48439626
34596315
12924208
33230219
2092
12904832
5771
13598
12174550
12651
31924189
2112
37264108
37077708
13451730
12599289
14116971
14711098
5197
7896
12317547
1132127
33496820
46550026
36930078
12092260
1049255
32041318
34538324
12084352
33275733
30110421
12288138
28863695
48858381
11257
32511105
35134801
33420510
13296534
33612885
36029641
33068392
1047078
10412
13607399
12194916
46277535
8334
31367341
33955171
34749952
33095411
36163735
1160094
33305848
13158084
12609062
12037259
1208038
10763
30701925
13484119
31159443
30382819
13380
12011092
32935048
7200
30132672
1145024
34957744
46275091
12493701
35729725
3255
5257
12342041
48641973
32505623
47371825
1015069
27726953
12070092
34002140
12349985
32607361
31761465
35238693
31770418
1047035
2868
12579333
12308092
46389275
47091532
861777
12003038
12031075
32187235
46317449
12037037
36626222
34402637
47528044
32889219
31663214
37283258
11952
31521324
9081
12556082
12609543
827615
12604717
31656663
3442
28416542
12185379
30705859
48634003
1079020
1047064
1159062
1145042
12227547
12406501
46961650
9100
49144843
9061
12563301
34196877
11733
47607557
37532638
46551695
34352171
6473
48777406
46673522
11088
14299552
12760796
31760809
4678
10198
13243
33915059
34978819
32574494
29032329
34915098
34203793
11822
12292313
35655794
34423403
30711458
46830628
33232728
46963211
11989084
11097
28638705
34365448
7546
12475735
34038527
12461046
1132719
11311
30955739
34592831
1211005
2201
37457856
12200907
34330154
12080220
37128993
1203015
33526656
14116394
166005
7779
12937124
12193637
221425
12083497
32430924
12271646
12117112
12519106